897 899 901 903 906 907 910 912 923 926 927 928 929 937 938 941 943 945 955 958 959 967 969 972 973 974 982 983 984 985 990 991 996 1000 1002 1010 1012 1013 1016 1017 1024 1031 1034 1038 1039 1042 1043 1049 1053 1057 1058 1061 1065 1068 1069 1071 637 1079 1080 1088 1089 1091 1094 1097 1098 1105 1111 1116 1127 1133 1134 1137 1140 1141 353 1144 1147 1155 366 1167 1174 1176 1177 1178 1181 1186 1187 1191 1200 1208 1210 1216 1220 1221 1226 1236 1241 1245 1248 1251 1252 1253 1254 1259 1260 1263 1266 1268 1273 526 1283 1286 1289 1298 1304 1317 1323 1326 1328 1346 1347 1351 1358 1365 1368 1377 1382 1395 1398 1400 1401 1403 1406 1409 1411 1412 1414 1415 1417 1419 1434 1436 1439 1441 1442 1447 1455 1461 1472 1474 1481 1493 1498 1505 1506 1508 1510 1514 1519 1522 1523 1526 1527 1533 1534 1540 1546 1555 1556 651 1566 389 1569 1579 1590 1592 1593 1597 1601 1607 1617 1637 1638 1640 1642 1648 1651 1654 1655 1657 1664 1666 1667 1669 1671 1674 1685 1688 1689 1690 1700 1705 1709 1714 1716 1734 1739 1740 1747 1749 1754 1755 1758 1759 1760 1762 1774 1775 1780 1785 1787 1790 1793 1795 1797 1802 1803 1808 1813 1817 1827 1831 1836 1838 1840 1847 0 1849 1852 1855 1858 1866 1869 1883 1889 1892 1905 1906
920 921 922 946 950 951 952 953 961 966 970 978 980 993 995 997 1003 1004 1008 1023 1028 1040 1045 1047 1050 1063 1073 1074 1077 1078 1083 1084 1085 1087 1092 1107 1112 1117 1123 1130 1132 1146 1149 1150 1151 1156 1160 1161 1163 1164 1165 1172 1175 1184 1185 1197 1199 1201 1207 1214 1219 1242 1250 1255 1256 1265 1267 1269 1270 1271 1272 1274 1280 1285 1287 1290 1291 1293 1301 1302 1305 1312 1327 1329 1335 1336 1337 1339 1359 1361 1369 1375 1380 1384 1388 1389 1391 1407 1410 1421 1440 1445 1449 1450 1458 1460 1463 1470 1471 1476 1477 1480 1485 1488 1494 1501 1509 1511 1513 1516 1517 1518 1520 1524 1530 1532 1537 1542 1544 1554 1557 1558 1559 1561 1563 1564 1567 1571 1572 1577 1585 1588 1589 1594 1603 1605 1608 1609 1612 1613 1614 1615 1618 1619 1620 1623 1632 1639 1641 1643 1644 1656 1662 1663 1683 1697 1698 1701 1702 1707 1718 1719 1721 1722 1723 1730 1735 1736 1750 1752 1753 1757 1765 1768 1769 1771 1779 1782 1791 1792 1796 1804 1805 1806 1809 1810 1811 1816 1822 1823 1832 1833 1842 1846 1851 1854 1856 1860 1861 1863 1864 1865 1867 1877 1891 1908
904 905 956 963 58 1118 1142 1224 1232 1276 1297 1313 1314 1320 1353 1363 1378 1422 1430 1486 1487 1512 1543 1548 1568 1602 1616 1692 1776 1878 1880 1882
965 1009 1015 1032 1102 1129 1309 1315 1345 1381 1396 1454 1462 1503 1576 1578 1848
898 933 1143 1229 1277 1316 1350 1432 1438 1451 1595 1715 1727 1820 1871
936 976 1011 1095 1122 1300 1332 1349 1374 1625 1645 1844 563
949 977 1072 1169 1348 1478 1681 1756 1773 1801 1815 1829
1019 1170 1235 1459 1479 1591 1680 1828 1873
1066 1158 1233 1324 1413 1628 1647
1055 1180 1205 1604 1652 1665 1886
954 1104 1303 1426 1475 1635 1661
932 1026 1330 1483 1580 1902
1029 1056 1173 1222 1238 1675
962 1446 428 1574 1673 517
1333 1371 1784 1788 1798
940 981 1064 1121 1745
909 987 1183 1223 1896
1006 1211 1367 1370 1668
908 1033 1307 1360
1693 1733 1837 1881
902 1281 1587 1872
1060 1311 1502 1636
948 1362 1507
1044 1067 1279
1704 1743 1748
1331 1484 1622
1046 1194 1586
1114 1397 1677
1027 1627 1890
1157 1383 1909
1153 1288 1879
1429 1830 1857
1190 1379 1489
1682 1786 1859
1457 1465 1491
1139 1168 1308
1402 1710 1900
1343 1355 1364
1106 1282 1649
1473 1500 1525
1729 1732 1824
989 1751 1875
1258 1366 1777
986 1166 596
171 1629
538 1763
1490 1631
1212 1452
1090 1244
1341 1825
1076 1437
1193 1678
1741 1898
1431 1598
999 1234
1610 1726
947 1653
1230 1621
1213 1469
566 376
1670 1772
1036 1812
1448 1862
1686 1794
1292 1583
1014 1261
1059 1075
1456 1789
1376 1405
1340 1826
1626 1911
1125 1799
960 998
1198 1570
1124 1352
1357 1536
1007 1633
900 1344
975 1120
1385 1770
913 1885
1136 1708
1325 1687
1676 1713
1573 1691
1113 1318
1239 1600
1249 1428
580 1744
957 1764
944 1541
348 475
1399 1737
1684
1659
1030
992
1468
1240
1203
1209
1672
1731
1887
1192
1611
1425
1624
1135
1100
1086
1037
1231
1159
1264
1853
1228
1051
1660
1495
1582
1766
1082
1550
1868
1504
1196
1467
964
1393
1531
1910
606
1110
1070
1443
1870
1237
1843
1694
1767
1152
1310
1188
1062
1262
934
1658
1599
1496
1215
1182
1171
1819
1390
1850
1903
971
1018
1841
1728
1423
1204
1725
601
1706
939
1354
1103
1108
1099
1874
1888
1695
1565
1907
1492
483
1295
1138
1535
1218
1538
1845
1821
1814
1162
1497
968
1126
924
1630
896
1552
1634
1054
1876
1724
1005
1528
1148
1720
1093
1284
1387
649
916
1294
1547
1712
1839
1606
1553
1394
1781
979
1179
1562
1499
1001
925
1835
1738
994
1225
1699
1334
1435
1646
484
1717
1551
1048
1539
1904
1022
1319
1424
1356
1035
1202
1427
1296
641
1227
1650
1742
1893
1529
1778
1109
935
1275
363
1545
915
1322
1416
1101
1278
1195
1408
1895
1217
914
1453
1761
1818
1807
1897
1052
1420
1433
1444
1373
1081
1257
1783
1299
919
1115
1899
1884
1404
1596
1021
988
1247
1246
1482
1392
1025
1041
420
1901
1464
1342
1746
1372
1703
930
917
414
942
1131
1306
1154
931
1696
1189
1338
1584
1711
1549
1515
1800
1128
1679
1894
1020
629
1418
1575
1243
1521
1321
