897 898 899 901 902 903 904 905 906 907 908 910 912 914 915 916 919 920 921 922 923 924 925 927 929 930 931 933 934 935 936 937 938 939 941 942 943 946 947 948 949 950 952 953 956 958 959 960 961 962 965 966 967 969 971 972 973 974 976 977 978 981 982 983 984 985 986 988 989 990 991 993 994 995 996 997 998 999 1000 1001 1002 1003 1004 1006 1007 1009 1010 1012 1013 1014 1015 1017 1019 1021 1022 1023 1024 1025 1027 1028 1030 1031 1032 1033 1034 58 1035 1036 1038 1039 1040 1042 1043 1044 1046 1047 1048 1049 1050 1052 1053 1054 1055 1056 1057 1058 1059 1060 1061 1062 1063 1064 1065 1066 1067 1068 1069 1070 1071 1073 637 1075 1076 1077 1078 1079 1080 1081 1082 1083 1084 1088 1089 1090 1091 1092 1093 1095 1098 1099 1100 1101 1102 1103 1104 1105 1109 1110 1112 1113 1115 1116 1117 1120 1122 1125 1127 1128 1129 1130 629 1133 1134 1135 1137 1139 1140 1141 1142 353 1143 1144 1146 1149 1150 1151 1152 1153 1154 1155 363 1157 366 1158 1160 1161 1162 1163 1164 1167 1168 1169 1171 1172 1174 1175 1176 1177 1178 1179 1180 1181 1184 1185 1187 1190 1191 1192 1193 1194 1195 1196 1198 1199 1200 1201 1204 1205 1207 1208 1209 1210 1211 1212 1214 1215 1216 1217 1218 1220 1221 1222 1223 1224 1225 348 1226 1229 1231 1233 1234 1235 1237 1238 483 1239 1241 1242 1243 1244 1245 1246 1248 1249 1251 1252 1253 1254 1255 1256 1257 1258 1260 1262 1263 1264 1265 1266 1268 1269 1270 1271 1272 1273 1274 1275 1276 1277 1279 1280 1281 526 1283 1285 1286 484 1288 1289 1290 1291 649 1292 1293 1294 1295 1296 1297 1298 1300 1302 1303 1305 1306 1308 1309 1310 1311 1312 1313 1315 1316 1317 1318 1320 1321 1323 1324 1325 1326 1327 1328 1329 1330 1331 1335 1336 1337 1339 171 1340 1341 1342 1343 1345 1346 1347 1349 1350 1351 1352 1353 1355 1356 1358 1359 1360 1361 1362 1364 566 1365 1366 1367 1368 1369 1370 1372 1374 1375 1376 1377 1379 1380 1381 1382 1383 1384 1387 1388 1389 1391 1392 1393 1394 1395 1396 1397 1398 1399 1401 1402 1403 1404 1405 1406 1407 1408 1409 1410 1411 1412 1413 1414 1415 1416 1417 1418 1419 1420 1422 1423 1425 1427 1428 1429 1430 1431 1432 1434 1436 1437 1438 1439 1441 1442 1443 1445 1446 1447 1448 1449 1450 1451 1453 1454 1455 1456 1457 1458 1460 1461 1462 1463 1464 1465 1467 1470 1471 1472 1474 1475 1476 1477 1478 1479 1480 1481 1483 1484 1485 1486 1487 1488 1489 1490 1491 1492 1493 1495 1497 1499 1501 1502 1503 1505 1506 1507 1508 1509 1510 1512 1514 1515 1516 1517 1519 1520 1521 1522 1523 1524 1525 1526 1527 1529 1530 1532 1533 1534 1535 1537 1538 1539 1540 1542 1543 1544 1545 1546 1547 1550 1551 1553 1555 1556 1557 1559 1561 1563 651 1564 1565 389 1569 1570 1572 1573 1574 1576 1577 1578 1579 1580 1582 1583 1584 1585 1586 1587 1589 1590 1591 1592 1593 1594 1595 1597 1598 1599 1600 1601 1602 1603 1604 1605 1606 1607 1608 1610 1611 1612 1613 1614 1616 1617 1619 1620 1621 1622 1623 1625 1626 1627 1628 1630 1631 1633 1634 1635 1636 1637 1638 1639 1640 1642 1643 1644 601 1645 1646 1647 1649 1651 1652 1653 1654 1655 1657 1660 1661 580 1662 1664 1665 1666 1667 376 1669 1670 1671 1673 1674 1675 1676 1677 1678 1679 1680 1681 1682 1684 1688 1689 1690 1691 1694 1695 1696 1699 1700 1701 1702 1705 1706 1707 1709 1710 1712 1713 1714 1715 1716 1718 1720 1721 1722 1723 1725 1727 420 1728 1729 1731 1732 1734 1735 1736 1737 475 1740 1741 1743 1747 1748 1749 1750 1751 1752 1753 1754 1755 1756 1757 1758 1759 1760 1761 1762 1763 1765 1766 1767 414 1768 1769 1771 1774 1776 1777 1779 1780 1781 1782 1785 1786 1787 1790 1791 1792 1793 1794 1795 1796 1797 1799 1800 1801 1803 1804 1805 1808 1809 1810 1811 1812 1813 1814 1815 1816 1817 1819 1820 1821 1822 1823 1824 1826 1827 1830 1831 1832 1833 1835 1836 1838 1839 1840 1841 1842 1843 1844 517 1846 1847 1848 0 1849 1850 1851 1852 1853 1854 1855 1856 1857 1858 1860 1861 1862 1863 1864 1865 1866 1867 1868 1869 1870 1871 1872 1873 1874 1875 1877 1878 1879 1881 1882 1883 1884 1886 1887 1888 1889 1890 1891 1893 1894 1897 563 1898 1900 1901 1902 1903 1905 1907 1908 1909 1910 1911
963 987 992 1097 1118 1186 606 1232 1314 1319 1333 1363 1424 1536 1548 1648 1686 1693 1719 1784 1802 1880 1892 1895
951 970 1029 1086 1173 1182 1203 1230 1267 1278 1307 1440 1494 1498 1511 1513 1528 1558 1588 1806
1074 1114 1189 1236 1354 1421 1433 1482 1567 1641 1650 1656 1726 1770
909 1107 1197 1301 1518 1566 1788
913 928 1087 1202 1552
954 975 1051 1227 1426
979 1016 1138 1562 1896
1282 1322 1459 1596 1742
1400 428 641 538
1452 1568 1733 1837
1571 1683 1697 1772
955 1045 1111 1165
1124 1156 1287 1373
964 1005 1385 596
1247 1575 1829 1885
944 968 1011 1773
1037 1259 1904
1132 1219 1390
1159 1228 1500
1170 1183 1745
1020 1332 1746
980 1334 1789
1371 1629 1798
1018 1148 1899
1632 1658 1818
896 1859
1299 1304
1094 1531
1739 1906
1041 1496
926 1663
1131 1188
1730 1775
957 1764
945 1704
1240 1698
1108 1261
1609 1668
1435
900
1072
1717
1468
1744
1250
1783
1166
1703
1549
1624
1026
1147
1213
1672
1685
1008
1357
1618
1738
1126
1615
1444
1659
932
1284
1136
1541
1121
1348
1106
940
1504
1469
917
1876
1807
1825
1692
1778
1378
1085
1338
1687
1708
1828
1711
1473
1554
1845
1123
1344
1724
