896 897 898 899 901 902 903 904 905 906 907 908 910 912 916 920 922 923 924 925 927 929 931 933 934 935 936 937 938 941 942 943 946 948 949 950 952 953 954 956 957 958 959 962 964 965 967 968 969 971 972 973 974 975 976 977 980 981 982 983 985 986 988 989 990 991 993 994 995 996 997 998 999 1000 1002 1006 1007 1009 1010 1012 1013 1015 1017 1018 1020 1021 1022 1024 1025 1027 1028 1030 1031 1033 1034 58 1035 1036 1038 1039 1040 1041 1043 1044 1046 1048 1049 1050 1051 1052 1053 1054 1056 1057 1058 1059 1060 1061 1063 1064 1065 1066 1067 1068 1069 1070 1073 637 1075 1077 1078 1079 1080 1081 1082 1083 1084 1086 1088 1089 1090 1091 1092 1094 1095 1098 1100 1101 1102 1103 1105 1108 1109 1110 1112 1113 1116 1117 1121 1122 1123 1127 1129 1130 1132 629 1133 1134 1135 1137 1138 1139 1140 1141 1142 353 1143 1144 1146 1147 1148 1150 1152 1153 1155 366 1158 1159 1162 1164 1166 1167 1168 1169 1171 1174 1175 1176 1177 1178 1180 1181 1187 1188 1190 1191 1192 1193 1194 1196 1199 1200 1204 1205 1207 1208 1210 1211 1212 1214 1215 1216 1217 1218 1220 1221 1222 1223 1224 1225 1226 1228 1229 1231 1232 1233 1234 1235 1237 1238 483 1242 1243 1244 1245 1246 1249 1250 1251 1252 1253 1254 1255 1257 1258 1260 1262 1264 1265 1266 1268 1269 1270 1271 1273 1274 1275 1276 1277 1279 1280 1281 526 1283 1284 1285 484 1288 1289 1290 1291 649 1292 1294 1295 1296 1297 1298 1301 1303 1307 1308 1309 1310 1311 1312 1315 1316 1317 1320 1321 1322 1323 1324 1326 1327 1328 1330 1331 1332 1335 1336 1340 1341 1342 1343 1345 1347 1349 1350 1351 1352 1353 1354 1355 1356 1358 1359 1361 1364 566 1365 1368 1369 1370 1372 1374 1376 1377 1378 1379 1380 1381 1382 1383 1384 1387 1388 1389 1392 1393 1395 1396 1397 1398 1399 1402 1403 1404 1407 1409 1410 1411 1412 1413 1414 1416 1418 1419 1423 1425 1426 1427 1429 1430 1432 1434 1435 1436 1438 1439 1441 1446 1447 1449 1450 1451 1453 1454 1455 1456 1457 1458 1459 1460 1461 1462 1464 1467 1471 1472 1474 1475 1477 1478 1479 1480 1481 1482 1483 1484 1485 1486 1489 1490 1492 1493 1494 1495 1496 1498 1499 1500 1502 1503 1505 1506 1508 1509 1510 1511 1512 1513 1514 1515 1516 1518 1519 1520 1521 1522 1523 1524 1525 1526 1527 1528 1530 1532 1533 1534 1535 1537 1538 1539 1540 1541 1543 1544 1546 1547 1550 1554 1555 1559 1561 1563 651 389 1569 1570 1577 1578 1579 1580 1582 1583 1584 1585 1586 1587 1588 1589 1590 1592 1593 1594 1595 1597 1598 1599 1601 1602 538 1603 1604 1605 1606 1607 1610 1611 1612 1613 1614 1616 1617 1618 1619 1620 1621 1623 1627 1630 1631 1634 1635 1637 1638 1640 1642 1643 601 1646 1647 1649 1651 1652 1653 1654 1655 1657 1658 1660 1661 580 1662 1664 1665 1666 376 1669 1671 1672 1673 1674 1677 1678 1679 1680 1682 1684 1688 1689 1690 1694 1696 1698 1699 1700 1702 1703 1705 1706 1707 1710 1712 1714 1715 1716 1718 1720 1721 1722 1723 420 1728 1729 1731 1732 1734 1735 1736 1737 475 1739 1740 1741 1743 1747 1749 1750 1751 1752 1754 1755 1757 1758 1759 1760 1761 1762 1763 1764 1765 1767 414 1768 1773 1774 1775 1776 1777 1780 1782 1783 1785 1786 1787 1789 1790 1791 1793 1795 1796 1797 1799 1802 1803 1805 1808 1809 1812 1813 1814 1815 1816 1817 1819 1821 1822 1823 1824 1827 1828 1830 1831 1832 1833 1835 1836 1838 1839 1840 1841 1842 1843 1844 517 1847 1848 0 1849 1850 1851 1852 1855 1856 1857 1858 1860 1862 1864 1866 1867 1868 1869 1870 1871 1872 1873 1874 1875 1877 1878 1879 1882 1883 1884 1886 1887 1889 1891 1892 1893 1894 1897 563 1898 1900 1901 1903 1905 1907 1908 1909 1911
900 919 926 945 1005 1008 1037 1042 1071 1076 1093 1115 1120 1126 1149 1156 1179 1227 1240 1241 1261 1263 1272 1282 1286 1287 1302 1314 1337 1338 1362 1366 1391 1401 1405 1406 1417 1428 1437 1452 1463 1517 1553 1556 1565 1572 1574 1576 1596 1609 1622 1628 1636 1644 1659 1663 1667 1668 1681 1685 1691 1704 1709 1713 1746 1756 1766 1769 1771 1781 1806 1810 1820 1854 1865 1888 1899 1904
363 1160 1203 348 1313 1360 1476 1529 1557 1675 1885
951 1172 1202 1236 1373 1440 1591 1650 1800 1811
960 1026 1125 1183 1626 1804 1863 1906
914 1019 1390 1422 1575 1730 1818
1124 1131 606 1267 1375 1470
970 978 1062 1558 1748 1861
966 1198 1209 1600 1632 1692
1004 1367 1443 1633 1719
944 1099 1487 1497 1853
1128 1157 1247 1444 1794
1104 1293 1329 1542
1014 1151 1339 1859
1163 1173 1300 1357
1259 1344 1415 1784
1136 1248 1363 1567
1045 1371 1385 1545
1003 1348 1421
1114 1442 1772
171 1686 1727
1032 1219 1334
1504 1676 1695
1023 641
1299 1304
1161 1725
1182 1400
1738 1881
1807 1896
1278 1448
1608 1801
1097 1548
1648 1837
1118 1186
928 1745
984
947
1107
1318
1047
930
1201
1029
1744
1778
932
1055
913
1549
1074
1876
1645
1615
1770
1184
1825
1902
1465
1683
1829
1792
1826
1536
1488
1562
1154
1394
1433
1708
1170
939
1890
1011
940
1431
1697
1305
917
1670
1325
1551
1564
979
1346
1230
1473
1239
1501
1693
1701
987
1846
915
1742
1566
1213
1910
1195
1625
1687
1445
596
1531
1753
1256
428
1717
1788
1197
1016
909
1724
1085
1420
1165
1641
1779
1507
1639
1845
1726
1552
1087
961
1333
1629
1571
1106
1189
1895
963
1319
1624
1111
1469
1733
1798
1880
1568
1408
1001
1306
1491
1711
921
1185
1656
1573
1424
1072
955
992
1468
